
liver-orig001.mhd	138	502	-0.643252	263.943	230.124	
liver-orig002.mhd	58	422	-0.881076	301.317	271.843	
liver-orig003.mhd	-44	246	0	275.136	275.419	
liver-orig004.mhd	76	173	-0.147299	256.467	259.618	
liver-orig005.mhd	-3	113	0	258.098	249.274	
liver-orig006.mhd	3	293	0	268.19	280.487	
liver-orig007.mhd	-63	227	0	264.581	259.861	
liver-orig008.mhd	-24	121	0	258.955	236.143	
liver-orig009.mhd	-62	518	0	247.299	293.281	
liver-orig010.mhd	-12	104	0	267.792	219.821	




liver-orig001.mhd	5	199	0	254.819	264.793	
liver-orig002.mhd	-14	83	0	265.093	260.624	
liver-orig003.mhd	-2	95	0	260.693	222.024	
liver-orig004.mhd	-6	284	0	271.187	292.013	
liver-orig005.mhd	11	301	-0.964981	241.175	246.628	
liver-orig006.mhd	-15	130	0	248.531	239.462	
liver-orig007.mhd	7	297	0	251.844	294.82	
liver-orig008.mhd	-9	281	0	261.832	272.112	
liver-orig009.mhd	-53	237	0	253.841	267.433	
liver-orig010.mhd	-9	281	0	260.544	264.385	
liver-orig011.mhd	185	475	0	269.506	311.192	
liver-orig012.mhd	-5	285	0	259.398	284.502	
liver-orig013.mhd	-30	202	0	264.505	267.287	
liver-orig014.mhd	42	100	0	252.451	265.474	
liver-orig015.mhd	143	433	0	260.27	246.251	
liver-orig016.mhd	-33	161	0	261.702	293.631	
liver-orig017.mhd	-23	122	0	260.713	247.253	
liver-orig018.mhd	7	297	0	231.26	279.701	
liver-orig019.mhd	-21	395	0	255.708	264.187	
liver-orig020.mhd	86	202	0	243.478	264.216	
